    0   1   2   3   4   5   6   7   8   9   10  11  12  13  14  15  16  17  18  19  20  21  22  23  24  25  26  27  28  29  30  31  32  33  34  35  36  37  38  39  40  41  42  43  44  45  46  47  48  49  50  51  52  53  54  55  56  57  58  59  60  61  62  63
0    0   1   1   1   1   1   1   1   1   1   1   1   1   1   1   1   1   2   2   2   2   2   2   2   2   2   2   2   2   2   2   2   2   3   3   3   3   3   3   3   3   3   3   3   3   3   3   3   3   4   4   4   4   4   4   4   4   4   4   4   4   4   4   4
1    1   1   1   1   1   1   1   1   1   1   1   1   1   1   1   1   2   2   2   2   2   2   2   2   2   2   2   2   2   2   2   2   3   3   3   3   3   3   3   3   3   3   3   3   3   3   3   3   4   4   4   4   4   4   4   4   4   4   4   4   4   4   4   4
2    1   1   1   1   1   1   1   1   1   1   1   1   1   1   1   2   2   2   2   2   2   2   2   2   2   2   2   2   2   2   2   3   3   3   3   3   3   3   3   3   3   3   3   3   3   3   3   4   4   4   4   4   4   4   4   4   4   4   4   4   4   4   4   5
3    1   1   1   1   1   1   1   1   1   1   1   1   1   1   2   2   2   2   2   2   2   2   2   2   2   2   2   2   2   2   3   3   3   3   3   3   3   3   3   3   3   3   3   3   3   3   4   4   4   4   4   4   4   4   4   4   4   4   4   4   4   4   5   5
4    1   1   1   1   1   1   1   1   1   1   1   1   1   2   2   2   2   2   2   2   2   2   2   2   2   2   2   2   2   3   3   3   3   3   3   3   3   3   3   3   3   3   3   3   3   4   4   4   4   4   4   4   4   4   4   4   4   4   4   4   4   5   5   5
5    1   1   1   1   1   1   1   1   1   1   1   1   2   2   2   2   2   2   2   2   2   2   2   2   2   2   2   2   3   3   3   3   3   3   3   3   3   3   3   3   3   3   3   3   4   4   4   4   4   4   4   4   4   4   4   4   4   4   4   4   5   5   5   5
6    1   1   1   1   1   1   1   1   1   1   1   2   2   2   2   2   2   2   2   2   2   2   2   2   2   2   2   3   3   3   3   3   3   3   3   3   3   3   3   3   3   3   3   4   4   4   4   4   4   4   4   4   4   4   4   4   4   4   4   5   5   5   5   5
7    1   1   1   1   1   1   1   1   1   1   2   2   2   2   2   2   2   2   2   2   2   2   2   2   2   2   3   3   3   3   3   3   3   3   3   3   3   3   3   3   3   3   4   4   4   4   4   4   4   4   4   4   4   4   4   4   4   4   5   5   5   5   5   5
8    1   1   1   1   1   1   1   1   1   2   2   2   2   2   2   2   2   2   2   2   2   2   2   2   2   3   3   3   3   3   3   3   3   3   3   3   3   3   3   3   3   4   4   4   4   4   4   4   4   4   4   4   4   4   4   4   4   5   5   5   5   5   5   5
9    1   1   1   1   1   1   1   1   2   2   2   2   2   2   2   2   2   2   2   2   2   2   2   2   3   3   3   3   3   3   3   3   3   3   3   3   3   3   3   3   4   4   4   4   4   4   4   4   4   4   4   4   4   4   4   4   5   5   5   5   5   5   5   5
10   1   1   1   1   1   1   1   2   2   2   2   2   2   2   2   2   2   2   2   2   2   2   2   3   3   3   3   3   3   3   3   3   3   3   3   3   3   3   3   4   4   4   4   4   4   4   4   4   4   4   4   4   4   4   4   5   5   5   5   5   5   5   5   5
11   1   1   1   1   1   1   2   2   2   2   2   2   2   2   2   2   2   2   2   2   2   2   3   3   3   3   3   3   3   3   3   3   3   3   3   3   3   3   4   4   4   4   4   4   4   4   4   4   4   4   4   4   4   4   5   5   5   5   5   5   5   5   5   5
12   1   1   1   1   1   2   2   2   2   2   2   2   2   2   2   2   2   2   2   2   2   3   3   3   3   3   3   3   3   3   3   3   3   3   3   3   3   4   4   4   4   4   4   4   4   4   4   4   4   4   4   4   4   5   5   5   5   5   5   5   5   5   5   5
13   1   1   1   1   2   2   2   2   2   2   2   2   2   2   2   2   2   2   2   2   3   3   3   3   3   3   3   3   3   3   3   3   3   3   3   3   4   4   4   4   4   4   4   4   4   4   4   4   4   4   4   4   5   5   5   5   5   5   5   5   5   5   5   5
14   1   1   1   2   2   2   2   2   2   2   2   2   2   2   2   2   2   2   2   3   3   3   3   3   3   3   3   3   3   3   3   3   3   3   3   4   4   4   4   4   4   4   4   4   4   4   4   4   4   4   4   5   5   5   5   5   5   5   5   5   5   5   5   5
15   1   1   2   2   2   2   2   2   2   2   2   2   2   2   2   2   2   2   3   3   3   3   3   3   3   3   3   3   3   3   3   3   3   3   4   4   4   4   4   4   4   4   4   4   4   4   4   4   4   4   5   5   5   5   5   5   5   5   5   5   5   5   5   5
16   0   1   1   1   1   1   1   1   1   1   1   1   1   1   1   1   1   2   2   2   2   2   2   2   2   2   2   2   2   2   2   2   2   3   3   3   3   3   3   3   3   3   3   3   3   3   3   3   3   4   4   4   4   4   4   4   4   4   4   4   4   4   4   4
17   1   1   1   1   1   1   1   1   1   1   1   1   1   1   1   1   2   2   2   2   2   2   2   2   2   2   2   2   2   2   2   2   3   3   3   3   3   3   3   3   3   3   3   3   3   3   3   3   4   4   4   4   4   4   4   4   4   4   4   4   4   4   4   4
18   1   1   1   1   1   1   1   1   1   1   1   1   1   1   1   2   2   2   2   2   2   2   2   2   2   2   2   2   2   2   2   3   3   3   3   3   3   3   3   3   3   3   3   3   3   3   3   4   4   4   4   4   4   4   4   4   4   4   4   4   4   4   4   5
19   1   1   1   1   1   1   1   1   1   1   1   1   1   1   2   2   2   2   2   2   2   2   2   2   2   2   2   2   2   2   3   3   3   3   3   3   3   3   3   3   3   3   3   3   3   3   4   4   4   4   4   4   4   4   4   4   4   4   4   4   4   4   5   5
20   1   1   1   1   1   1   1   1   1   1   1   1   1   2   2   2   2   2   2   2   2   2   2   2   2   2   2   2   2   3   3   3   3   3   3   3   3   3   3   3   3   3   3   3   3   4   4   4   4   4   4   4   4   4   4   4   4   4   4   4   4   5   5   5
21   1   1   1   1   1   1   1   1   1   1   1   1   2   2   2   2   2   2   2   2   2   2   2   2   2   2   2   2   3   3   3   3   3   3   3   3   3   3   3   3   3   3   3   3   4   4   4   4   4   4   4   4   4   4   4   4   4   4   4   4   5   5   5   5
22   1   1   1   1   1   1   1   1   1   1   1   2   2   2   2   2   2   2   2   2   2   2   2   2   2   2   2   3   3   3   3   3   3   3   3   3   3   3   3   3   3   3   3   4   4   4   4   4   4   4   4   4   4   4   4   4   4   4   4   5   5   5   5   5
23   1   1   1   1   1   1   1   1   1   1   2   2   2   2   2   2   2   2   2   2   2   2   2   2   2   2   3   3   3   3   3   3   3   3   3   3   3   3   3   3   3   3   4   4   4   4   4   4   4   4   4   4   4   4   4   4   4   4   5   5   5   5   5   5
24   1   1   1   1   1   1   1   1   1   2   2   2   2   2   2   2   2   2   2   2   2   2   2   2   2   3   3   3   3   3   3   3   3   3   3   3   3   3   3   3   3   4   4   4   4   4   4   4   4   4   4   4   4   4   4   4   4   5   5   5   5   5   5   5
25   1   1   1   1   1   1   1   1   2   2   2   2   2   2   2   2   2   2   2   2   2   2   2   2   3   3   3   3   3   3   3   3   3   3   3   3   3   3   3   3   4   4   4   4   4   4   4   4   4   4   4   4   4   4   4   4   5   5   5   5   5   5   5   5
26   1   1   1   1   1   1   1   2   2   2   2   2   2   2   2   2   2   2   2   2   2   2   2   3   3   3   3   3   3   3   3   3   3   3   3   3   3   3   3   4   4   4   4   4   4   4   4   4   4   4   4   4   4   4   4   5   5   5   5   5   5   5   5   5
27   1   1   1   1   1   1   2   2   2   2   2   2   2   2   2   2   2   2   2   2   2   2   3   3   3   3   3   3   3   3   3   3   3   3   3   3   3   3   4   4   4   4   4   4   4   4   4   4   4   4   4   4   4   4   5   5   5   5   5   5   5   5   5   5
28   1   1   1   1   1   2   2   2   2   2   2   2   2   2   2   2   2   2   2   2   2   3   3   3   3   3   3   3   3   3   3   3   3   3   3   3   3   4   4   4   4   4   4   4   4   4   4   4   4   4   4   4   4   5   5   5   5   5   5   5   5   5   5   5
29   1   1   1   1   2   2   2   2   2   2   2   2   2   2   2   2   2   2   2   2   3   3   3   3   3   3   3   3   3   3   3   3   3   3   3   3   4   4   4   4   4   4   4   4   4   4   4   4   4   4   4   4   5   5   5   5   5   5   5   5   5   5   5   5
30   1   1   1   2   2   2   2   2   2   2   2   2   2   2   2   2   2   2   2   3   3   3   3   3   3   3   3   3   3   3   3   3   3   3   3   4   4   4   4   4   4   4   4   4   4   4   4   4   4   4   4   5   5   5   5   5   5   5   5   5   5   5   5   5
31   1   1   2   2   2   2   2   2   2   2   2   2   2   2   2   2   2   2   3   3   3   3   3   3   3   3   3   3   3   3   3   3   3   3   4   4   4   4   4   4   4   4   4   4   4   4   4   4   4   4   5   5   5   5   5   5   5   5   5   5   5   5   5   5
32   0   1   1   1   1   1   1   1   1   1   1   1   1   1   1   1   1   2   2   2   2   2   2   2   2   2   2   2   2   2   2   2   2   3   3   3   3   3   3   3   3   3   3   3   3   3   3   3   3   4   4   4   4   4   4   4   4   4   4   4   4   4   4   4
33   1   1   1   1   1   1   1   1   1   1   1   1   1   1   1   1   2   2   2   2   2   2   2   2   2   2   2   2   2   2   2   2   3   3   3   3   3   3   3   3   3   3   3   3   3   3   3   3   4   4   4   4   4   4   4   4   4   4   4   4   4   4   4   4
34   1   1   1   1   1   1   1   1   1   1   1   1   1   1   1   2   2   2   2   2   2   2   2   2   2   2   2   2   2   2   2   3   3   3   3   3   3   3   3   3   3   3   3   3   3   3   3   4   4   4   4   4   4   4   4   4   4   4   4   4   4   4   4   5
35   1   1   1   1   1   1   1   1   1   1   1   1   1   1   2   2   2   2   2   2   2   2   2   2   2   2   2   2   2   2   3   3   3   3   3   3   3   3   3   3   3   3   3   3   3   3   4   4   4   4   4   4   4   4   4   4   4   4   4   4   4   4   5   5
36   1   1   1   1   1   1   1   1   1   1   1   1   1   2   2   2   2   2   2   2   2   2   2   2   2   2   2   2   2   3   3   3   3   3   3   3   3   3   3   3   3   3   3   3   3   4   4   4   4   4   4   4   4   4   4   4   4   4   4   4   4   5   5   5
37   1   1   1   1   1   1   1   1   1   1   1   1   2   2   2   2   2   2   2   2   2   2   2   2   2   2   2   2   3   3   3   3   3   3   3   3   3   3   3   3   3   3   3   3   4   4   4   4   4   4   4   4   4   4   4   4   4   4   4   4   5   5   5   5
38   1   1   1   1   1   1   1   1   1   1   1   2   2   2   2   2   2   2   2   2   2   2   2   2   2   2   2   3   3   3   3   3   3   3   3   3   3   3   3   3   3   3   3   4   4   4   4   4   4   4   4   4   4   4   4   4   4   4   4   5   5   5   5   5
39   1   1   1   1   1   1   1   1   1   1   2   2   2   2   2   2   2   2   2   2   2   2   2   2   2   2   3   3   3   3   3   3   3   3   3   3   3   3   3   3   3   3   4   4   4   4   4   4   4   4   4   4   4   4   4   4   4   4   5   5   5   5   5   5
40   1   1   1   1   1   1   1   1   1   2   2   2   2   2   2   2   2   2   2   2   2   2   2   2   2   3   3   3   3   3   3   3   3   3   3   3   3   3   3   3   3   4   4   4   4   4   4   4   4   4   4   4   4   4   4   4   4   5   5   5   5   5   5   5
41   1   1   1   1   1   1   1   1   2   2   2   2   2   2   2   2   2   2   2   2   2   2   2   2   3   3   3   3   3   3   3   3   3   3   3   3   3   3   3   3   4   4   4   4   4   4   4   4   4   4   4   4   4   4   4   4   5   5   5   5   5   5   5   5
42   1   1   1   1   1   1   1   2   2   2   2   2   2   2   2   2   2   2   2   2   2   2   2   3   3   3   3   3   3   3   3   3   3   3   3   3   3   3   3   4   4   4   4   4   4   4   4   4   4   4   4   4   4   4   4   5   5   5   5   5   5   5   5   5
43   1   1   1   1   1   1   2   2   2   2   2   2   2   2   2   2   2   2   2   2   2   2   3   3   3   3   3   3   3   3   3   3   3   3   3   3   3   3   4   4   4   4   4   4   4   4   4   4   4   4   4   4   4   4   5   5   5   5   5   5   5   5   5   5
44   1   1   1   1   1   2   2   2   2   2   2   2   2   2   2   2   2   2   2   2   2   3   3   3   3   3   3   3   3   3   3   3   3   3   3   3   3   4   4   4   4   4   4   4   4   4   4   4   4   4   4   4   4   5   5   5   5   5   5   5   5   5   5   5
45   1   1   1   1   2   2   2   2   2   2   2   2   2   2   2   2   2   2   2   2   3   3   3   3   3   3   3   3   3   3   3   3   3   3   3   3   4   4   4   4   4   4   4   4   4   4   4   4   4   4   4   4   5   5   5   5   5   5   5   5   5   5   5   5
46   1   1   1   2   2   2   2   2   2   2   2   2   2   2   2   2   2   2   2   3   3   3   3   3   3   3   3   3   3   3   3   3   3   3   3   4   4   4   4   4   4   4   4   4   4   4   4   4   4   4   4   5   5   5   5   5   5   5   5   5   5   5   5   5
47   1   1   2   2   2   2   2   2   2   2   2   2   2   2   2   2   2   2   3   3   3   3   3   3   3   3   3   3   3   3   3   3   3   3   4   4   4   4   4   4   4   4   4   4   4   4   4   4   4   4   5   5   5   5   5   5   5   5   5   5   5   5   5   5
48   0   1   1   1   1   1   1   1   1   1   1   1   1   1   1   1   1   2   2   2   2   2   2   2   2   2   2   2   2   2   2   2   2   3   3   3   3   3   3   3   3   3   3   3   3   3   3   3   3   4   4   4   4   4   4   4   4   4   4   4   4   4   4   4
49   1   1   1   1   1   1   1   1   1   1   1   1   1   1   1   1   2   2   2   2   2   2   2   2   2   2   2   2   2   2   2   2   3   3   3   3   3   3   3   3   3   3   3   3   3   3   3   3   4   4   4   4   4   4   4   4   4   4   4   4   4   4   4   4
50   1   1   1   1   1   1   1   1   1   1   1   1   1   1   1   2   2   2   2   2   2   2   2   2   2   2   2   2   2   2   2   3   3   3   3   3   3   3   3   3   3   3   3   3   3   3   3   4   4   4   4   4   4   4   4   4   4   4   4   4   4   4   4   5
51   1   1   1   1   1   1   1   1   1   1   1   1   1   1   2   2   2   2   2   2   2   2   2   2   2   2   2   2   2   2   3   3   3   3   3   3   3   3   3   3   3   3   3   3   3   3   4   4   4   4   4   4   4   4   4   4   4   4   4   4   4   4   5   5
52   1   1   1   1   1   1   1   1   1   1   1   1   1   2   2   2   2   2   2   2   2   2   2   2   2   2   2   2   2   3   3   3   3   3   3   3   3   3   3   3   3   3   3   3   3   4   4   4   4   4   4   4   4   4   4   4   4   4   4   4   4   5   5   5
53   1   1   1   1   1   1   1   1   1   1   1   1   2   2   2   2   2   2   2   2   2   2   2   2   2   2   2   2   3   3   3   3   3   3   3   3   3   3   3   3   3   3   3   3   4   4   4   4   4   4   4   4   4   4   4   4   4   4   4   4   5   5   5   5
54   1   1   1   1   1   1   1   1   1   1   1   2   2   2   2   2   2   2   2   2   2   2   2   2   2   2   2   3   3   3   3   3   3   3   3   3   3   3   3   3   3   3   3   4   4   4   4   4   4   4   4   4   4   4   4   4   4   4   4   5   5   5   5   5
55   1   1   1   1   1   1   1   1   1   1   2   2   2   2   2   2   2   2   2   2   2   2   2   2   2   2   3   3   3   3   3   3   3   3   3   3   3   3   3   3   3   3   4   4   4   4   4   4   4   4   4   4   4   4   4   4   4   4   5   5   5   5   5   5
56   1   1   1   1   1   1   1   1   1   2   2   2   2   2   2   2   2   2   2   2   2   2   2   2   2   3   3   3   3   3   3   3   3   3   3   3   3   3   3   3   3   4   4   4   4   4   4   4   4   4   4   4   4   4   4   4   4   5   5   5   5   5   5   5
57   1   1   1   1   1   1   1   1   2   2   2   2   2   2   2   2   2   2   2   2   2   2   2   2   3   3   3   3   3   3   3   3   3   3   3   3   3   3   3   3   4   4   4   4   4   4   4   4   4   4   4   4   4   4   4   4   5   5   5   5   5   5   5   5
58   1   1   1   1   1   1   1   2   2   2   2   2   2   2   2   2   2   2   2   2   2   2   2   3   3   3   3   3   3   3   3   3   3   3   3   3   3   3   3   4   4   4   4   4   4   4   4   4   4   4   4   4   4   4   4   5   5   5   5   5   5   5   5   5
59   1   1   1   1   1   1   2   2   2   2   2   2   2   2   2   2   2   2   2   2   2   2   3   3   3   3   3   3   3   3   3   3   3   3   3   3   3   3   4   4   4   4   4   4   4   4   4   4   4   4   4   4   4   4   5   5   5   5   5   5   5   5   5   5
60   1   1   1   1   1   2   2   2   2   2   2   2   2   2   2   2   2   2   2   2   2   3   3   3   3   3   3   3   3   3   3   3   3   3   3   3   3   4   4   4   4   4   4   4   4   4   4   4   4   4   4   4   4   5   5   5   5   5   5   5   5   5   5   5
61   1   1   1   1   2   2   2   2   2   2   2   2   2   2   2   2   2   2   2   2   3   3   3   3   3   3   3   3   3   3   3   3   3   3   3   3   4   4   4   4   4   4   4   4   4   4   4   4   4   4   4   4   5   5   5   5   5   5   5   5   5   5   5   5
62   1   1   1   2   2   2   2   2   2   2   2   2   2   2   2   2   2   2   2   3   3   3   3   3   3   3   3   3   3   3   3   3   3   3   3   4   4   4   4   4   4   4   4   4   4   4   4   4   4   4   4   5   5   5   5   5   5   5   5   5   5   5   5   5
63   1   1   2   2   2   2   2   2   2   2   2   2   2   2   2   2   2   2   3   3   3   3   3   3   3   3   3   3   3   3   3   3   3   3   4   4   4   4   4   4   4   4   4   4   4   4   4   4   4   4   5   5   5   5   5   5   5   5   5   5   5   5   5   5